# Unique MERRA-2 grid cells at SUMup and GNSS observations: Latitude, Longitude (Both in Degrees)
-9.000000000000000000e+01 1.443750000000000000e+02
-8.850000000000000000e+01 1.787500000000000000e+02
-8.800000000000000000e+01 -1.081250000000000000e+02
-8.700000000000000000e+01 9.500000000000000000e+01
-8.650000000000000000e+01 -1.081250000000000000e+02
-8.600000000000000000e+01 1.456250000000000000e+02
-8.500000000000000000e+01 -1.537500000000000000e+02
-8.500000000000000000e+01 -1.050000000000000000e+02
-8.500000000000000000e+01 -5.937500000000000000e+01
-8.450000000000000000e+01 -1.656250000000000000e+02
-8.450000000000000000e+01 -1.650000000000000000e+02
-8.450000000000000000e+01 -1.643750000000000000e+02
-8.450000000000000000e+01 -1.637500000000000000e+02
-8.450000000000000000e+01 -1.631250000000000000e+02
-8.450000000000000000e+01 -1.625000000000000000e+02
-8.450000000000000000e+01 -1.618750000000000000e+02
-8.450000000000000000e+01 -1.600000000000000000e+02
-8.450000000000000000e+01 -1.587500000000000000e+02
-8.450000000000000000e+01 -1.581250000000000000e+02
-8.450000000000000000e+01 -1.575000000000000000e+02
-8.450000000000000000e+01 -1.568750000000000000e+02
-8.450000000000000000e+01 -1.550000000000000000e+02
-8.450000000000000000e+01 -1.543750000000000000e+02
-8.450000000000000000e+01 -1.531250000000000000e+02
-8.450000000000000000e+01 -1.518750000000000000e+02
-8.450000000000000000e+01 -1.500000000000000000e+02
-8.450000000000000000e+01 -1.493750000000000000e+02
-8.450000000000000000e+01 -1.481250000000000000e+02
-8.450000000000000000e+01 1.406250000000000000e+02
-8.400000000000000000e+01 -1.675000000000000000e+02
-8.400000000000000000e+01 -1.656250000000000000e+02
-8.400000000000000000e+01 -1.650000000000000000e+02
-8.400000000000000000e+01 -1.643750000000000000e+02
-8.400000000000000000e+01 -1.637500000000000000e+02
-8.400000000000000000e+01 -1.625000000000000000e+02
-8.400000000000000000e+01 -1.587500000000000000e+02
-8.400000000000000000e+01 -1.581250000000000000e+02
-8.400000000000000000e+01 -1.568750000000000000e+02
-8.400000000000000000e+01 -1.550000000000000000e+02
-8.400000000000000000e+01 -1.543750000000000000e+02
-8.400000000000000000e+01 -1.537500000000000000e+02
-8.400000000000000000e+01 -1.531250000000000000e+02
-8.400000000000000000e+01 -1.518750000000000000e+02
-8.400000000000000000e+01 -1.481250000000000000e+02
-8.400000000000000000e+01 -6.062500000000000000e+01
-8.350000000000000000e+01 -1.643750000000000000e+02
-8.350000000000000000e+01 -1.612500000000000000e+02
-8.350000000000000000e+01 -1.506250000000000000e+02
-8.350000000000000000e+01 -1.450000000000000000e+02
-8.350000000000000000e+01 -1.412500000000000000e+02
-8.350000000000000000e+01 -1.381250000000000000e+02
-8.350000000000000000e+01 -1.050000000000000000e+02
-8.350000000000000000e+01 -6.000000000000000000e+01
-8.300000000000000000e+01 -1.725000000000000000e+02
-8.300000000000000000e+01 -1.718750000000000000e+02
-8.300000000000000000e+01 -1.656250000000000000e+02
-8.300000000000000000e+01 -1.543750000000000000e+02
-8.300000000000000000e+01 -5.937500000000000000e+01
-8.300000000000000000e+01 1.875000000000000000e+01
-8.250000000000000000e+01 -1.662500000000000000e+02
-8.250000000000000000e+01 -1.468750000000000000e+02
-8.250000000000000000e+01 -5.875000000000000000e+01
-8.250000000000000000e+01 -5.812500000000000000e+01
-8.200000000000000000e+01 -1.356250000000000000e+02
-8.200000000000000000e+01 -1.100000000000000000e+02
-8.200000000000000000e+01 1.018750000000000000e+02
-8.150000000000000000e+01 -1.487500000000000000e+02
-8.150000000000000000e+01 -5.812500000000000000e+01
-8.150000000000000000e+01 8.750000000000000000e+00
-8.150000000000000000e+01 1.225000000000000000e+02
-8.150000000000000000e+01 1.362500000000000000e+02
-8.150000000000000000e+01 1.775000000000000000e+02
-8.100000000000000000e+01 -1.443750000000000000e+02
-8.100000000000000000e+01 -1.418750000000000000e+02
-8.100000000000000000e+01 -1.262500000000000000e+02
-8.100000000000000000e+01 -5.750000000000000000e+01
-8.100000000000000000e+01 -5.687500000000000000e+01
-8.100000000000000000e+01 1.781250000000000000e+02
-8.050000000000000000e+01 -1.512500000000000000e+02
-8.050000000000000000e+01 -1.487500000000000000e+02
-8.050000000000000000e+01 -1.225000000000000000e+02
-8.050000000000000000e+01 -5.625000000000000000e+01
-8.050000000000000000e+01 7.750000000000000000e+01
-8.050000000000000000e+01 1.387500000000000000e+02
-8.000000000000000000e+01 -1.512500000000000000e+02
-8.000000000000000000e+01 -1.475000000000000000e+02
-8.000000000000000000e+01 -1.193750000000000000e+02
-8.000000000000000000e+01 -5.562500000000000000e+01
-8.000000000000000000e+01 7.750000000000000000e+01
-8.000000000000000000e+01 1.793750000000000000e+02
-7.950000000000000000e+01 -1.800000000000000000e+02
-7.950000000000000000e+01 -1.637500000000000000e+02
-7.950000000000000000e+01 -1.181250000000000000e+02
-7.950000000000000000e+01 -1.162500000000000000e+02
-7.950000000000000000e+01 -1.118750000000000000e+02
-7.950000000000000000e+01 -1.112500000000000000e+02
-7.950000000000000000e+01 -1.018750000000000000e+02
-7.950000000000000000e+01 -5.500000000000000000e+01
-7.950000000000000000e+01 -5.437500000000000000e+01
-7.950000000000000000e+01 -4.562500000000000000e+01
-7.950000000000000000e+01 7.687500000000000000e+01
-7.950000000000000000e+01 7.750000000000000000e+01
-7.900000000000000000e+01 -1.800000000000000000e+02
-7.900000000000000000e+01 -1.225000000000000000e+02
-7.900000000000000000e+01 -1.162500000000000000e+02
-7.900000000000000000e+01 -1.050000000000000000e+02
-7.900000000000000000e+01 -5.687500000000000000e+01
-7.900000000000000000e+01 -5.375000000000000000e+01
-7.900000000000000000e+01 4.062500000000000000e+01
-7.900000000000000000e+01 7.687500000000000000e+01
-7.900000000000000000e+01 1.493750000000000000e+02
-7.900000000000000000e+01 1.706250000000000000e+02
-7.900000000000000000e+01 1.768750000000000000e+02
-7.900000000000000000e+01 1.793750000000000000e+02
-7.850000000000000000e+01 -1.793750000000000000e+02
-7.850000000000000000e+01 -1.787500000000000000e+02
-7.850000000000000000e+01 -1.750000000000000000e+02
-7.850000000000000000e+01 -1.243750000000000000e+02
-7.850000000000000000e+01 -1.156250000000000000e+02
-7.850000000000000000e+01 -1.150000000000000000e+02
-7.850000000000000000e+01 -1.137500000000000000e+02
-7.850000000000000000e+01 -1.112500000000000000e+02
-7.850000000000000000e+01 -5.562500000000000000e+01
-7.850000000000000000e+01 -5.250000000000000000e+01
-7.850000000000000000e+01 -4.625000000000000000e+01
-7.850000000000000000e+01 4.062500000000000000e+01
-7.850000000000000000e+01 7.687500000000000000e+01
-7.800000000000000000e+01 -1.781250000000000000e+02
-7.800000000000000000e+01 -1.200000000000000000e+02
-7.800000000000000000e+01 -1.031250000000000000e+02
-7.800000000000000000e+01 -9.625000000000000000e+01
-7.800000000000000000e+01 -9.562500000000000000e+01
-7.800000000000000000e+01 -5.625000000000000000e+01
-7.800000000000000000e+01 -5.562500000000000000e+01
-7.800000000000000000e+01 -5.375000000000000000e+01
-7.800000000000000000e+01 -5.250000000000000000e+01
-7.800000000000000000e+01 -5.125000000000000000e+01
-7.800000000000000000e+01 4.125000000000000000e+01
-7.800000000000000000e+01 7.687500000000000000e+01
-7.800000000000000000e+01 7.750000000000000000e+01
-7.800000000000000000e+01 1.531250000000000000e+02
-7.800000000000000000e+01 1.587500000000000000e+02
-7.800000000000000000e+01 1.781250000000000000e+02
-7.750000000000000000e+01 -1.237500000000000000e+02
-7.750000000000000000e+01 -1.087500000000000000e+02
-7.750000000000000000e+01 -9.250000000000000000e+01
-7.750000000000000000e+01 -5.625000000000000000e+01
-7.750000000000000000e+01 -5.062500000000000000e+01
-7.750000000000000000e+01 4.000000000000000000e+01
-7.750000000000000000e+01 4.125000000000000000e+01
-7.750000000000000000e+01 4.187500000000000000e+01
-7.750000000000000000e+01 7.687500000000000000e+01
-7.750000000000000000e+01 7.750000000000000000e+01
-7.700000000000000000e+01 -1.212500000000000000e+02
-7.700000000000000000e+01 -1.018750000000000000e+02
-7.700000000000000000e+01 -8.937500000000000000e+01
-7.700000000000000000e+01 -5.062500000000000000e+01
-7.700000000000000000e+01 3.187500000000000000e+01
-7.700000000000000000e+01 3.437500000000000000e+01
-7.700000000000000000e+01 3.687500000000000000e+01
-7.700000000000000000e+01 3.875000000000000000e+01
-7.700000000000000000e+01 4.000000000000000000e+01
-7.700000000000000000e+01 4.187500000000000000e+01
-7.700000000000000000e+01 7.687500000000000000e+01
-7.650000000000000000e+01 -1.075000000000000000e+02
-7.650000000000000000e+01 2.812500000000000000e+01
-7.650000000000000000e+01 3.000000000000000000e+01
-7.650000000000000000e+01 4.062500000000000000e+01
-7.650000000000000000e+01 4.187500000000000000e+01
-7.650000000000000000e+01 7.687500000000000000e+01
-7.600000000000000000e+01 -1.206250000000000000e+02
-7.600000000000000000e+01 -8.875000000000000000e+01
-7.600000000000000000e+01 3.125000000000000000e+00
-7.600000000000000000e+01 7.500000000000000000e+00
-7.600000000000000000e+01 2.250000000000000000e+01
-7.600000000000000000e+01 2.562500000000000000e+01
-7.600000000000000000e+01 2.625000000000000000e+01
-7.600000000000000000e+01 4.125000000000000000e+01
-7.600000000000000000e+01 4.250000000000000000e+01
-7.600000000000000000e+01 7.687500000000000000e+01
-7.550000000000000000e+01 -1.012500000000000000e+02
-7.550000000000000000e+01 -9.875000000000000000e+01
-7.550000000000000000e+01 -6.250000000000000000e+00
-7.550000000000000000e+01 -3.125000000000000000e+00
-7.550000000000000000e+01 6.250000000000000000e-01
-7.550000000000000000e+01 6.250000000000000000e+00
-7.550000000000000000e+01 6.875000000000000000e+00
-7.550000000000000000e+01 1.812500000000000000e+01
-7.550000000000000000e+01 1.937500000000000000e+01
-7.550000000000000000e+01 4.125000000000000000e+01
-7.550000000000000000e+01 4.187500000000000000e+01
-7.550000000000000000e+01 4.250000000000000000e+01
-7.550000000000000000e+01 7.687500000000000000e+01
-7.500000000000000000e+01 -1.006250000000000000e+02
-7.500000000000000000e+01 -1.250000000000000000e+01
-7.500000000000000000e+01 -1.000000000000000000e+01
-7.500000000000000000e+01 -8.750000000000000000e+00
-7.500000000000000000e+01 -6.250000000000000000e+00
-7.500000000000000000e+01 -5.625000000000000000e+00
-7.500000000000000000e+01 -4.375000000000000000e+00
-7.500000000000000000e+01 -2.500000000000000000e+00
-7.500000000000000000e+01 -1.250000000000000000e+00
-7.500000000000000000e+01 -5.920304394294029215e-13
-7.500000000000000000e+01 6.250000000000000000e-01
-7.500000000000000000e+01 1.250000000000000000e+00
-7.500000000000000000e+01 1.875000000000000000e+00
-7.500000000000000000e+01 2.500000000000000000e+00
-7.500000000000000000e+01 3.125000000000000000e+00
-7.500000000000000000e+01 3.750000000000000000e+00
-7.500000000000000000e+01 4.375000000000000000e+00
-7.500000000000000000e+01 5.000000000000000000e+00
-7.500000000000000000e+01 6.250000000000000000e+00
-7.500000000000000000e+01 6.875000000000000000e+00
-7.500000000000000000e+01 7.500000000000000000e+00
-7.500000000000000000e+01 8.125000000000000000e+00
-7.500000000000000000e+01 8.750000000000000000e+00
-7.500000000000000000e+01 1.000000000000000000e+01
-7.500000000000000000e+01 1.312500000000000000e+01
-7.500000000000000000e+01 1.500000000000000000e+01
-7.500000000000000000e+01 1.625000000000000000e+01
-7.500000000000000000e+01 4.250000000000000000e+01
-7.500000000000000000e+01 4.312500000000000000e+01
-7.500000000000000000e+01 7.687500000000000000e+01
-7.450000000000000000e+01 -9.375000000000000000e+00
-7.450000000000000000e+01 1.875000000000000000e+00
-7.450000000000000000e+01 3.750000000000000000e+00
-7.450000000000000000e+01 7.500000000000000000e+00
-7.450000000000000000e+01 4.250000000000000000e+01
-7.450000000000000000e+01 4.312500000000000000e+01
-7.450000000000000000e+01 7.687500000000000000e+01
-7.400000000000000000e+01 -1.187500000000000000e+01
-7.400000000000000000e+01 -1.000000000000000000e+01
-7.400000000000000000e+01 4.312500000000000000e+01
-7.400000000000000000e+01 7.687500000000000000e+01
-7.350000000000000000e+01 -1.312500000000000000e+01
-7.350000000000000000e+01 4.312500000000000000e+01
-7.350000000000000000e+01 7.687500000000000000e+01
-7.300000000000000000e+01 -1.312500000000000000e+01
-7.300000000000000000e+01 4.312500000000000000e+01
-7.300000000000000000e+01 4.375000000000000000e+01
-7.300000000000000000e+01 7.687500000000000000e+01
-7.300000000000000000e+01 7.750000000000000000e+01
-7.250000000000000000e+01 4.312500000000000000e+01
-7.250000000000000000e+01 4.375000000000000000e+01
-7.250000000000000000e+01 7.750000000000000000e+01
-7.200000000000000000e+01 4.312500000000000000e+01
-7.200000000000000000e+01 4.375000000000000000e+01
-7.200000000000000000e+01 7.750000000000000000e+01
-7.200000000000000000e+01 7.812500000000000000e+01
-7.150000000000000000e+01 -1.000000000000000000e+01
-7.150000000000000000e+01 4.312500000000000000e+01
-7.150000000000000000e+01 4.375000000000000000e+01
-7.150000000000000000e+01 7.750000000000000000e+01
-7.150000000000000000e+01 7.812500000000000000e+01
-7.100000000000000000e+01 -6.875000000000000000e+00
-7.100000000000000000e+01 1.875000000000000000e+00
-7.100000000000000000e+01 4.312500000000000000e+01
-7.100000000000000000e+01 7.687500000000000000e+01
-7.100000000000000000e+01 7.750000000000000000e+01
-7.050000000000000000e+01 -8.125000000000000000e+00
-7.050000000000000000e+01 4.312500000000000000e+01
-7.050000000000000000e+01 4.375000000000000000e+01
-7.050000000000000000e+01 4.437500000000000000e+01
-7.050000000000000000e+01 7.687500000000000000e+01
-7.000000000000000000e+01 4.312500000000000000e+01
-7.000000000000000000e+01 7.625000000000000000e+01
-7.000000000000000000e+01 7.687500000000000000e+01
-6.950000000000000000e+01 4.250000000000000000e+01
-6.950000000000000000e+01 4.312500000000000000e+01
-6.900000000000000000e+01 4.062500000000000000e+01
-6.900000000000000000e+01 4.125000000000000000e+01
-6.900000000000000000e+01 4.187500000000000000e+01
6.300000000000000000e+01 -4.812500000000000000e+01
6.300000000000000000e+01 -4.500000000000000000e+01
6.400000000000000000e+01 -4.500000000000000000e+01
6.450000000000000000e+01 -4.375000000000000000e+01
6.500000000000000000e+01 -4.500000000000000000e+01
6.500000000000000000e+01 -4.437500000000000000e+01
6.600000000000000000e+01 -4.437500000000000000e+01
6.600000000000000000e+01 -4.250000000000000000e+01
6.600000000000000000e+01 -4.187500000000000000e+01
6.600000000000000000e+01 -4.125000000000000000e+01
6.600000000000000000e+01 -3.875000000000000000e+01
6.650000000000000000e+01 -4.687500000000000000e+01
6.650000000000000000e+01 -4.625000000000000000e+01
6.650000000000000000e+01 -4.562500000000000000e+01
6.650000000000000000e+01 -4.250000000000000000e+01
6.650000000000000000e+01 -3.937500000000000000e+01
6.700000000000000000e+01 -4.875000000000000000e+01
6.700000000000000000e+01 -4.687500000000000000e+01
6.700000000000000000e+01 -4.625000000000000000e+01
6.700000000000000000e+01 -4.562500000000000000e+01
6.700000000000000000e+01 -4.500000000000000000e+01
6.700000000000000000e+01 -4.437500000000000000e+01
6.700000000000000000e+01 -4.375000000000000000e+01
6.750000000000000000e+01 -4.500000000000000000e+01
6.800000000000000000e+01 -4.125000000000000000e+01
6.850000000000000000e+01 -3.937500000000000000e+01
6.900000000000000000e+01 -4.500000000000000000e+01
6.900000000000000000e+01 -4.312500000000000000e+01
6.900000000000000000e+01 -3.937500000000000000e+01
6.900000000000000000e+01 -3.812500000000000000e+01
6.950000000000000000e+01 -4.937500000000000000e+01
6.950000000000000000e+01 -4.875000000000000000e+01
6.950000000000000000e+01 -4.812500000000000000e+01
6.950000000000000000e+01 -4.125000000000000000e+01
6.950000000000000000e+01 -3.875000000000000000e+01
6.950000000000000000e+01 -3.437500000000000000e+01
7.000000000000000000e+01 -4.812500000000000000e+01
7.000000000000000000e+01 -4.750000000000000000e+01
7.000000000000000000e+01 -4.687500000000000000e+01
7.000000000000000000e+01 -4.625000000000000000e+01
7.000000000000000000e+01 -4.562500000000000000e+01
7.050000000000000000e+01 -4.500000000000000000e+01
7.050000000000000000e+01 -4.437500000000000000e+01
7.050000000000000000e+01 -4.375000000000000000e+01
7.050000000000000000e+01 -4.250000000000000000e+01
7.100000000000000000e+01 -4.750000000000000000e+01
7.100000000000000000e+01 -4.187500000000000000e+01
7.100000000000000000e+01 -4.062500000000000000e+01
7.100000000000000000e+01 -3.937500000000000000e+01
7.100000000000000000e+01 -3.875000000000000000e+01
7.100000000000000000e+01 -3.750000000000000000e+01
7.150000000000000000e+01 -4.500000000000000000e+01
7.150000000000000000e+01 -3.937500000000000000e+01
7.150000000000000000e+01 -3.812500000000000000e+01
7.150000000000000000e+01 -3.375000000000000000e+01
7.200000000000000000e+01 -4.937500000000000000e+01
7.200000000000000000e+01 -4.750000000000000000e+01
7.200000000000000000e+01 -4.000000000000000000e+01
7.200000000000000000e+01 -3.937500000000000000e+01
7.200000000000000000e+01 -3.625000000000000000e+01
7.200000000000000000e+01 -3.562500000000000000e+01
7.200000000000000000e+01 -3.250000000000000000e+01
7.250000000000000000e+01 -4.500000000000000000e+01
7.250000000000000000e+01 -4.062500000000000000e+01
7.250000000000000000e+01 -4.000000000000000000e+01
7.250000000000000000e+01 -3.875000000000000000e+01
7.250000000000000000e+01 -3.812500000000000000e+01
7.250000000000000000e+01 -3.625000000000000000e+01
7.300000000000000000e+01 -4.500000000000000000e+01
7.300000000000000000e+01 -4.125000000000000000e+01
7.300000000000000000e+01 -4.062500000000000000e+01
7.300000000000000000e+01 -3.937500000000000000e+01
7.350000000000000000e+01 -4.750000000000000000e+01
7.350000000000000000e+01 -4.125000000000000000e+01
7.350000000000000000e+01 -3.875000000000000000e+01
7.400000000000000000e+01 -4.187500000000000000e+01
7.400000000000000000e+01 -3.750000000000000000e+01
7.450000000000000000e+01 -4.250000000000000000e+01
7.450000000000000000e+01 -4.125000000000000000e+01
7.500000000000000000e+01 -5.125000000000000000e+01
7.500000000000000000e+01 -4.312500000000000000e+01
7.500000000000000000e+01 -4.187500000000000000e+01
7.500000000000000000e+01 -4.062500000000000000e+01
7.500000000000000000e+01 -3.000000000000000000e+01
7.550000000000000000e+01 -4.375000000000000000e+01
7.550000000000000000e+01 -4.312500000000000000e+01
7.550000000000000000e+01 -4.125000000000000000e+01
7.550000000000000000e+01 -3.750000000000000000e+01
7.550000000000000000e+01 -3.625000000000000000e+01
7.600000000000000000e+01 -5.312500000000000000e+01
7.600000000000000000e+01 -4.437500000000000000e+01
7.600000000000000000e+01 -4.375000000000000000e+01
7.600000000000000000e+01 -4.187500000000000000e+01
7.600000000000000000e+01 -4.125000000000000000e+01
7.600000000000000000e+01 -4.000000000000000000e+01
7.600000000000000000e+01 -3.937500000000000000e+01
7.600000000000000000e+01 -3.875000000000000000e+01
7.600000000000000000e+01 -3.750000000000000000e+01
7.650000000000000000e+01 -6.812500000000000000e+01
7.650000000000000000e+01 -6.750000000000000000e+01
7.650000000000000000e+01 -6.687500000000000000e+01
7.650000000000000000e+01 -6.625000000000000000e+01
7.650000000000000000e+01 -6.562500000000000000e+01
7.650000000000000000e+01 -4.562500000000000000e+01
7.650000000000000000e+01 -4.500000000000000000e+01
7.650000000000000000e+01 -4.437500000000000000e+01
7.650000000000000000e+01 -4.375000000000000000e+01
7.650000000000000000e+01 -4.312500000000000000e+01
7.650000000000000000e+01 -3.625000000000000000e+01
7.700000000000000000e+01 -6.500000000000000000e+01
7.700000000000000000e+01 -6.437500000000000000e+01
7.700000000000000000e+01 -6.375000000000000000e+01
7.700000000000000000e+01 -6.312500000000000000e+01
7.700000000000000000e+01 -6.250000000000000000e+01
7.700000000000000000e+01 -6.187500000000000000e+01
7.700000000000000000e+01 -6.125000000000000000e+01
7.700000000000000000e+01 -6.062500000000000000e+01
7.700000000000000000e+01 -6.000000000000000000e+01
7.700000000000000000e+01 -5.937500000000000000e+01
7.700000000000000000e+01 -5.875000000000000000e+01
7.700000000000000000e+01 -5.812500000000000000e+01
7.700000000000000000e+01 -5.750000000000000000e+01
7.700000000000000000e+01 -5.687500000000000000e+01
7.700000000000000000e+01 -5.625000000000000000e+01
7.700000000000000000e+01 -5.562500000000000000e+01
7.700000000000000000e+01 -5.500000000000000000e+01
7.700000000000000000e+01 -5.437500000000000000e+01
7.700000000000000000e+01 -5.312500000000000000e+01
7.700000000000000000e+01 -5.250000000000000000e+01
7.700000000000000000e+01 -5.125000000000000000e+01
7.700000000000000000e+01 -4.937500000000000000e+01
7.700000000000000000e+01 -4.812500000000000000e+01
7.700000000000000000e+01 -4.687500000000000000e+01
7.700000000000000000e+01 -4.625000000000000000e+01
7.750000000000000000e+01 -6.250000000000000000e+01
7.750000000000000000e+01 -6.062500000000000000e+01
7.750000000000000000e+01 -5.250000000000000000e+01
7.750000000000000000e+01 -5.125000000000000000e+01
7.750000000000000000e+01 -5.000000000000000000e+01
7.750000000000000000e+01 -4.937500000000000000e+01
7.750000000000000000e+01 -4.875000000000000000e+01
7.750000000000000000e+01 -4.687500000000000000e+01
7.800000000000000000e+01 -3.750000000000000000e+01
8.000000000000000000e+01 -4.125000000000000000e+01
