# SUMup observations: Latitude, Longitude (Both in Degrees)
-8.993329620361328125e+01 1.443937988281250000e+02
-8.850949859619140625e+01 1.785308074951171875e+02
-8.800219726562500000e+01 -1.079832992553710938e+02
-8.683999633789062500e+01 9.530999755859375000e+01
-8.650250244140625000e+01 -1.079903030395507812e+02
-8.578189849853515625e+01 1.457194976806640625e+02
-8.500050354003906250e+01 -1.049953002929687500e+02
-8.481832885742187500e+01 -5.963499832153320312e+01
-8.439510345458984375e+01 1.406307983398437500e+02
-8.391832733154296875e+01 -6.036000061035156250e+01
-8.350080108642578125e+01 -1.049868011474609375e+02
-8.338500213623046875e+01 -6.006333160400390625e+01
-8.316667175292968750e+01 -5.957500076293945312e+01
-8.275000000000000000e+01 -5.869166946411132812e+01
-8.233499908447265625e+01 -5.782667160034179688e+01
-8.208000183105468750e+01 1.019599990844726562e+02
-8.200099945068359375e+01 -1.100082015991210938e+02
-8.165799713134765625e+01 1.360839996337890625e+02
-8.165000152587890625e+01 1.225999984741210938e+02
-8.160500335693359375e+01 -5.788832855224609375e+01
-8.121833038330078125e+01 -5.720333099365234375e+01
-8.119999694824218750e+01 -1.261699981689453125e+02
-8.083332824707031250e+01 -5.658832931518554688e+01
-8.062000274658203125e+01 -1.226299972534179688e+02
-8.043000030517578125e+01 -5.597999954223632812e+01
-8.038999938964843750e+01 1.389199981689453125e+02
-8.033799743652343750e+01 7.747200012207031250e+01
-8.032099914550781250e+01 7.747399902343750000e+01
-8.030300140380859375e+01 7.747200012207031250e+01
-8.028600311279296875e+01 7.746800231933593750e+01
-8.026899719238281250e+01 7.746600341796875000e+01
-8.025000000000000000e+01 7.745999908447265625e+01
-8.023200225830078125e+01 7.745800018310546875e+01
-8.021099853515625000e+01 7.745800018310546875e+01
-8.019400024414062500e+01 7.745300292968750000e+01
-8.017600250244140625e+01 7.744499969482421875e+01
-8.015799713134765625e+01 7.743800354003906250e+01
-8.013999938964843750e+01 7.743199920654296875e+01
-8.012300109863281250e+01 7.742500305175781250e+01
-8.010199737548828125e+01 7.741300201416015625e+01
-8.008300018310546875e+01 7.740200042724609375e+01
-8.006500244140625000e+01 7.739099884033203125e+01
-8.004799652099609375e+01 7.738200378417968750e+01
-8.002999877929687500e+01 7.737100219726562500e+01
-8.001200103759765625e+01 7.736499786376953125e+01
-8.000000000000000000e+01 -5.550000000000000000e+01
-7.999500274658203125e+01 7.735700225830078125e+01
-7.997699737548828125e+01 7.734899902343750000e+01
-7.990499877929687500e+01 7.731600189208984375e+01
-7.988700103759765625e+01 7.730599975585937500e+01
-7.986799621582031250e+01 7.729100036621093750e+01
-7.984999847412109375e+01 7.727899932861328125e+01
-7.983300018310546875e+01 7.726899719238281250e+01
-7.981600189208984375e+01 7.726000213623046875e+01
-7.979799652099609375e+01 7.725499725341796875e+01
-7.977600097656250000e+01 7.724700164794921875e+01
-7.975800323486328125e+01 7.723999786376953125e+01
-7.974099731445312500e+01 7.722799682617187500e+01
-7.972200012207031250e+01 7.722100067138671875e+01
-7.970500183105468750e+01 7.721199798583984375e+01
-7.968699645996093750e+01 7.719999694824218750e+01
-7.966999816894531250e+01 -5.489167022705078125e+01
-7.966899871826171875e+01 7.719100189208984375e+01
-7.965799713134765625e+01 -4.561700057983398438e+01
-7.965100097656250000e+01 7.718299865722656250e+01
-7.963200378417968750e+01 7.717299652099609375e+01
-7.961499786376953125e+01 7.716600036621093750e+01
-7.961415863037109375e+01 -4.572433090209960938e+01
-7.959700012207031250e+01 7.715899658203125000e+01
-7.957900238037109375e+01 7.715200042724609375e+01
-7.955999755859375000e+01 7.714600372314453125e+01
-7.954299926757812500e+01 7.714199829101562500e+01
-7.952600097656250000e+01 7.713600158691406250e+01
-7.950700378417968750e+01 7.712699890136718750e+01
-7.948899841308593750e+01 7.711799621582031250e+01
-7.947100067138671875e+01 7.710600280761718750e+01
-7.945400238037109375e+01 7.709500122070312500e+01
-7.944680023193359375e+01 -1.179635009765625000e+02
-7.943599700927734375e+01 7.708799743652343750e+01
-7.941899871826171875e+01 7.707599639892578125e+01
-7.940000152587890625e+01 7.706700134277343750e+01
-7.938400268554687500e+01 7.705699920654296875e+01
-7.938310241699218750e+01 -1.112389984130859375e+02
-7.936499786376953125e+01 7.704699707031250000e+01
-7.934999847412109375e+01 7.703600311279296875e+01
-7.934790039062500000e+01 -1.162904968261718750e+02
-7.933100128173828125e+01 7.702500152587890625e+01
-7.931400299072265625e+01 7.701599884033203125e+01
-7.929699707031250000e+01 7.700599670410156250e+01
-7.927999877929687500e+01 7.699500274658203125e+01
-7.926833343505859375e+01 -5.420167160034179688e+01
-7.926300048828125000e+01 7.700299835205078125e+01
-7.924400329589843750e+01 7.700599670410156250e+01
-7.923200225830078125e+01 4.051699829101562500e+01
-7.922699737548828125e+01 7.699900054931640625e+01
-7.920899963378906250e+01 7.700399780273437500e+01
-7.919000244140625000e+01 7.700299835205078125e+01
-7.917199707031250000e+01 7.700199890136718750e+01
-7.915969848632812500e+01 -1.049672012329101562e+02
-7.915399932861328125e+01 7.700900268554687500e+01
-7.913600158691406250e+01 7.700499725341796875e+01
-7.913300323486328125e+01 -1.222669982910156250e+02
-7.911699676513671875e+01 7.700099945068359375e+01
-7.909899902343750000e+01 7.699500274658203125e+01
-7.909300231933593750e+01 4.054999923706054688e+01
-7.908100128173828125e+01 7.698899841308593750e+01
-7.906300354003906250e+01 7.698699951171875000e+01
-7.904499816894531250e+01 7.698600006103515625e+01
-7.903620147705078125e+01 1.496802978515625000e+02
-7.902799987792968750e+01 7.698699951171875000e+01
-7.902500152587890625e+01 4.058300018310546875e+01
-7.900800323486328125e+01 7.700099945068359375e+01
-7.898799896240234375e+01 7.700000000000000000e+01
-7.897100067138671875e+01 7.701100158691406250e+01
-7.895300292968750000e+01 7.701699829101562500e+01
-7.894611358642578125e+01 -5.684000015258789062e+01
-7.893399810791015625e+01 7.702200317382812500e+01
-7.891600036621093750e+01 7.702100372314453125e+01
-7.889800262451171875e+01 7.703199768066406250e+01
-7.887999725341796875e+01 7.703299713134765625e+01
-7.886199951171875000e+01 7.703299713134765625e+01
-7.884300231933593750e+01 7.703199768066406250e+01
-7.883999633789062500e+01 -5.347333145141601562e+01
-7.883689880371093750e+01 -1.163070983886718750e+02
-7.882499694824218750e+01 7.703299713134765625e+01
-7.881999969482421875e+01 4.065000152587890625e+01
-7.880699920654296875e+01 7.703199768066406250e+01
-7.878800201416015625e+01 7.703199768066406250e+01
-7.876999664306640625e+01 7.702799987792968750e+01
-7.875199890136718750e+01 7.702300262451171875e+01
-7.873400115966796875e+01 7.701599884033203125e+01
-7.873300170898437500e+01 -1.114965972900390625e+02
-7.872799682617187500e+01 -1.147322006225585938e+02
-7.871499633789062500e+01 7.701100158691406250e+01
-7.869699859619140625e+01 7.700900268554687500e+01
-7.868299865722656250e+01 4.073300170898437500e+01
-7.867900085449218750e+01 7.700800323486328125e+01
-7.866100311279296875e+01 7.701000213623046875e+01
-7.864299774169921875e+01 7.700599670410156250e+01
-7.862500000000000000e+01 7.700599670410156250e+01
-7.861799621582031250e+01 4.076699829101562500e+01
-7.860800170898437500e+01 7.701899719238281250e+01
-7.860610961914062500e+01 -5.543167114257812500e+01
-7.858999633789062500e+01 7.702400207519531250e+01
-7.857299804687500000e+01 7.702100372314453125e+01
-7.855400085449218750e+01 7.701899719238281250e+01
-7.855000305175781250e+01 4.079999923706054688e+01
-7.853700256347656250e+01 7.701999664306640625e+01
-7.851799774169921875e+01 7.701899719238281250e+01
-7.851499938964843750e+01 4.079999923706054688e+01
-7.850000000000000000e+01 7.702200317382812500e+01
-7.848300170898437500e+01 7.702700042724609375e+01
-7.846299743652343750e+01 7.702600097656250000e+01
-7.844499969482421875e+01 7.702899932861328125e+01
-7.843299865722656250e+01 -1.159171981811523438e+02
-7.842700195312500000e+01 7.702500152587890625e+01
-7.842430114746093750e+01 -1.152919998168945312e+02
-7.841333007812500000e+01 -5.247333145141601562e+01
-7.841200256347656250e+01 4.084999847412109375e+01
-7.841000366210937500e+01 7.701699829101562500e+01
-7.839199829101562500e+01 7.700900268554687500e+01
-7.837400054931640625e+01 7.699800109863281250e+01
-7.835800170898437500e+01 7.698999786376953125e+01
-7.833300018310546875e+01 7.700000000000000000e+01
-7.833249664306640625e+01 -1.244840011596679688e+02
-7.831999969482421875e+01 7.701200103759765625e+01
-7.831089782714843750e+01 -1.137883987426757812e+02
-7.830100250244140625e+01 7.701999664306640625e+01
-7.830000305175781250e+01 -4.628300094604492188e+01
-7.828299713134765625e+01 7.702799987792968750e+01
-7.827500152587890625e+01 4.093299865722656250e+01
-7.826499938964843750e+01 7.703199768066406250e+01
-7.824700164794921875e+01 7.703700256347656250e+01
-7.824194335937500000e+01 -5.404693984985351562e+01
-7.822899627685546875e+01 7.703800201416015625e+01
-7.821099853515625000e+01 7.704399871826171875e+01
-7.819300079345703125e+01 7.704799652099609375e+01
-7.817500305175781250e+01 7.704499816894531250e+01
-7.815799713134765625e+01 7.706199645996093750e+01
-7.814299774169921875e+01 4.103300094604492188e+01
-7.813999938964843750e+01 7.707399749755859375e+01
-7.812200164794921875e+01 7.707700347900390625e+01
-7.812020111083984375e+01 -9.564630126953125000e+01
-7.810600280761718750e+01 7.707599639892578125e+01
-7.808699798583984375e+01 7.707800292968750000e+01
-7.808290100097656250e+01 -1.200764007568359375e+02
-7.806900024414062500e+01 7.708000183105468750e+01
-7.805000305175781250e+01 7.706999969482421875e+01
-7.803299713134765625e+01 7.710500335693359375e+01
-7.801499938964843750e+01 7.710500335693359375e+01
-7.801000213623046875e+01 4.116699981689453125e+01
-7.799800109863281250e+01 7.711199951171875000e+01
-7.799166870117187500e+01 -5.153332901000976562e+01
-7.797899627685546875e+01 7.711499786376953125e+01
-7.796099853515625000e+01 7.712500000000000000e+01
-7.795700073242187500e+01 -9.596199798583984375e+01
-7.794300079345703125e+01 7.712699890136718750e+01
-7.793750000000000000e+01 -5.597832870483398438e+01
-7.793499755859375000e+01 -5.593611145019531250e+01
-7.792500305175781250e+01 7.713099670410156250e+01
-7.790699768066406250e+01 7.712899780273437500e+01
-7.788800048828125000e+01 7.713500213623046875e+01
-7.788020324707031250e+01 1.584582061767578125e+02
-7.787999725341796875e+01 1.586600036621093750e+02
-7.787799835205078125e+01 4.125000000000000000e+01
-7.787000274658203125e+01 7.714099884033203125e+01
-7.786721801757812500e+01 -5.280416870117187500e+01
-7.785299682617187500e+01 7.716000366210937500e+01
-7.784359741210937500e+01 -1.029103012084960938e+02
-7.783499908447265625e+01 7.719000244140625000e+01
-7.781600189208984375e+01 7.719499969482421875e+01
-7.779799652099609375e+01 7.719899749755859375e+01
-7.778099822998046875e+01 7.720800018310546875e+01
-7.776200103759765625e+01 7.721700286865234375e+01
-7.776190185546875000e+01 1.533813934326171875e+02
-7.774400329589843750e+01 7.721499633789062500e+01
-7.774299621582031250e+01 4.128300094604492188e+01
-7.772899627685546875e+01 7.717900085449218750e+01
-7.771099853515625000e+01 7.715599822998046875e+01
-7.769300079345703125e+01 7.714499664306640625e+01
-7.768299865722656250e+01 -1.239950027465820312e+02
-7.767600250244140625e+01 7.713099670410156250e+01
-7.765799713134765625e+01 7.712200164794921875e+01
-7.764099884033203125e+01 7.714499664306640625e+01
-7.762300109863281250e+01 7.716300201416015625e+01
-7.761160278320312500e+01 -9.224829864501953125e+01
-7.760800170898437500e+01 4.141699981689453125e+01
-7.760399627685546875e+01 7.715100097656250000e+01
-7.758699798583984375e+01 7.713700103759765625e+01
-7.757861328125000000e+01 -5.057944107055664062e+01
-7.756900024414062500e+01 7.711799621582031250e+01
-7.755200195312500000e+01 7.710900115966796875e+01
-7.753399658203125000e+01 7.709300231933593750e+01
-7.751599884033203125e+01 7.707099914550781250e+01
-7.750000000000000000e+01 7.703700256347656250e+01
-7.748200225830078125e+01 7.701999664306640625e+01
-7.746800231933593750e+01 4.151699829101562500e+01
-7.746399688720703125e+01 7.701399993896484375e+01
-7.744599914550781250e+01 7.700000000000000000e+01
-7.743299865722656250e+01 4.153300094604492188e+01
-7.742700195312500000e+01 7.699400329589843750e+01
-7.741000366210937500e+01 7.698300170898437500e+01
-7.739199829101562500e+01 7.698699951171875000e+01
-7.737599945068359375e+01 7.697499847412109375e+01
-7.736299896240234375e+01 7.692099761962890625e+01
-7.735500335693359375e+01 -5.604000091552734375e+01
-7.734500122070312500e+01 7.692199707031250000e+01
-7.732800292968750000e+01 4.156700134277343750e+01
-7.732700347900390625e+01 7.693199920654296875e+01
-7.730899810791015625e+01 3.969599914550781250e+01
-7.730799865722656250e+01 7.693499755859375000e+01
-7.729100036621093750e+01 7.694499969482421875e+01
-7.727300262451171875e+01 7.695600128173828125e+01
-7.725499725341796875e+01 7.696199798583984375e+01
-7.723699951171875000e+01 7.696700286865234375e+01
-7.721800231933593750e+01 7.697100067138671875e+01
-7.720099639892578125e+01 7.696800231933593750e+01
-7.718800354003906250e+01 4.165000152587890625e+01
-7.718299865722656250e+01 7.697299957275390625e+01
-7.716999816894531250e+01 3.859400177001953125e+01
-7.716500091552734375e+01 7.697599792480468750e+01
-7.714600372314453125e+01 7.698000335693359375e+01
-7.712917327880859375e+01 -5.050138854980468750e+01
-7.712899780273437500e+01 7.698500061035156250e+01
-7.711100006103515625e+01 7.697299957275390625e+01
-7.709200286865234375e+01 7.696700286865234375e+01
-7.709100341796875000e+01 3.992800140380859375e+01
-7.707399749755859375e+01 7.697000122070312500e+01
-7.705930328369140625e+01 -8.913760375976562500e+01
-7.705699920654296875e+01 7.697599792480468750e+01
-7.705300140380859375e+01 4.175000000000000000e+01
-7.703900146484375000e+01 7.698500061035156250e+01
-7.703500366210937500e+01 3.674000167846679688e+01
-7.702200317382812500e+01 7.699099731445312500e+01
-7.700399780273437500e+01 7.699500274658203125e+01
-7.698699951171875000e+01 7.699800109863281250e+01
-7.698300170898437500e+01 4.179999923706054688e+01
-7.696900177001953125e+01 7.700099945068359375e+01
-7.695200347900390625e+01 -1.212200012207031250e+02
-7.695099639892578125e+01 7.700599670410156250e+01
-7.693499755859375000e+01 7.700900268554687500e+01
-7.691600036621093750e+01 7.701100158691406250e+01
-7.691500091552734375e+01 4.184999847412109375e+01
-7.689900207519531250e+01 3.464899826049804688e+01
-7.689800262451171875e+01 7.701300048828125000e+01
-7.687999725341796875e+01 7.701799774169921875e+01
-7.686199951171875000e+01 7.701999664306640625e+01
-7.684500122070312500e+01 7.702500152587890625e+01
-7.682700347900390625e+01 7.702400207519531250e+01
-7.680999755859375000e+01 7.702200317382812500e+01
-7.679399871826171875e+01 3.189999961853027344e+01
-7.679299926757812500e+01 7.702700042724609375e+01
-7.677400207519531250e+01 7.702500152587890625e+01
-7.676999664306640625e+01 -1.017379989624023438e+02
-7.675700378417968750e+01 7.702100372314453125e+01
-7.674099731445312500e+01 7.702200317382812500e+01
-7.672000122070312500e+01 7.702400207519531250e+01
-7.670400238037109375e+01 7.702500152587890625e+01
-7.668599700927734375e+01 7.702600097656250000e+01
-7.666699981689453125e+01 7.702899932861328125e+01
-7.665000152587890625e+01 7.702899932861328125e+01
-7.664099884033203125e+01 4.045500183105468750e+01
-7.663999938964843750e+01 4.200000000000000000e+01
-7.662999725341796875e+01 7.702799987792968750e+01
-7.662500000000000000e+01 2.990299987792968750e+01
-7.661199951171875000e+01 7.703299713134765625e+01
-7.659400177001953125e+01 7.703399658203125000e+01
-7.657599639892578125e+01 7.702999877929687500e+01
-7.655899810791015625e+01 7.702700042724609375e+01
-7.654100036621093750e+01 7.702500152587890625e+01
-7.652300262451171875e+01 7.703099822998046875e+01
-7.650700378417968750e+01 4.209999847412109375e+01
-7.650700378417968750e+01 7.703199768066406250e+01
-7.648699951171875000e+01 7.703399658203125000e+01
-7.647000122070312500e+01 7.703700256347656250e+01
-7.645200347900390625e+01 7.703800201416015625e+01
-7.643399810791015625e+01 7.703800201416015625e+01
-7.641600036621093750e+01 7.703299713134765625e+01
-7.639900207519531250e+01 7.702999877929687500e+01
-7.638099670410156250e+01 7.703299713134765625e+01
-7.637000274658203125e+01 4.218299865722656250e+01
-7.636299896240234375e+01 7.703500366210937500e+01
-7.634600067138671875e+01 7.703800201416015625e+01
-7.632900238037109375e+01 2.815800094604492188e+01
-7.632800292968750000e+01 7.704199981689453125e+01
-7.630999755859375000e+01 7.703900146484375000e+01
-7.629199981689453125e+01 7.703800201416015625e+01
-7.627400207519531250e+01 7.703399658203125000e+01
-7.625599670410156250e+01 7.702999877929687500e+01
-7.623799896240234375e+01 7.702400207519531250e+01
-7.623200225830078125e+01 4.225000000000000000e+01
-7.622000122070312500e+01 7.702200317382812500e+01
-7.620200347900390625e+01 7.701799774169921875e+01
-7.619100189208984375e+01 4.095000076293945312e+01
-7.618399810791015625e+01 7.701000213623046875e+01
-7.616699981689453125e+01 7.700399780273437500e+01
-7.614800262451171875e+01 7.699600219726562500e+01
-7.612999725341796875e+01 7.698799896240234375e+01
-7.611399841308593750e+01 7.698699951171875000e+01
-7.609729766845703125e+01 -8.901770019531250000e+01
-7.609500122070312500e+01 4.231700134277343750e+01
-7.609400177001953125e+01 7.698100280761718750e+01
-7.607499694824218750e+01 7.697200012207031250e+01
-7.605799865722656250e+01 7.696800231933593750e+01
-7.605200195312500000e+01 2.273999977111816406e+01
-7.604000091552734375e+01 7.696199798583984375e+01
-7.603199768066406250e+01 2.634900093078613281e+01
-7.602200317382812500e+01 7.694899749755859375e+01
-7.600399780273437500e+01 7.694200134277343750e+01
-7.598300170898437500e+01 7.692099761962890625e+01
-7.596900177001953125e+01 7.690599822998046875e+01
-7.595700073242187500e+01 4.238299942016601562e+01
-7.595099639892578125e+01 7.689299774169921875e+01
-7.593399810791015625e+01 7.687500000000000000e+01
-7.593333435058593750e+01 7.212999820709228516e+00
-7.591699981689453125e+01 7.685600280761718750e+01
-7.589900207519531250e+01 7.684100341796875000e+01
-7.588800048828125000e+01 2.583399963378906250e+01
-7.588099670410156250e+01 7.683499908447265625e+01
-7.586399841308593750e+01 7.682499694824218750e+01
-7.584400177001953125e+01 7.682800292968750000e+01
-7.582700347900390625e+01 7.682399749755859375e+01
-7.581999969482421875e+01 4.246699905395507812e+01
-7.580799865722656250e+01 7.681999969482421875e+01
-7.579399871826171875e+01 7.681800079345703125e+01
-7.577200317382812500e+01 7.682199859619140625e+01
-7.575399780273437500e+01 7.683100128173828125e+01
-7.575283050537109375e+01 3.282833099365234375e+00
-7.574600219726562500e+01 4.145899963378906250e+01
-7.573699951171875000e+01 7.683100128173828125e+01
-7.571900177001953125e+01 7.683599853515625000e+01
-7.570099639892578125e+01 7.684400177001953125e+01
-7.568399810791015625e+01 7.685099792480468750e+01
-7.568299865722656250e+01 4.248300170898437500e+01
-7.566500091552734375e+01 7.685900115966796875e+01
-7.565399932861328125e+01 1.923999977111816406e+01
-7.564700317382812500e+01 7.687200164794921875e+01
-7.562899780273437500e+01 7.687100219726562500e+01
-7.561199951171875000e+01 7.687300109863281250e+01
-7.559400177001953125e+01 7.688099670410156250e+01
-7.558149719238281250e+01 -3.430332899093627930e+00
-7.557599639892578125e+01 7.688300323486328125e+01
-7.555799865722656250e+01 7.688400268554687500e+01
-7.554499816894531250e+01 4.256700134277343750e+01
-7.554000091552734375e+01 7.688500213623046875e+01
-7.552200317382812500e+01 7.687500000000000000e+01
-7.550599670410156250e+01 7.687200164794921875e+01
-7.548600006103515625e+01 7.687599945068359375e+01
-7.546800231933593750e+01 7.688400268554687500e+01
-7.544999694824218750e+01 7.689600372314453125e+01
-7.544200134277343750e+01 4.259999847412109375e+01
-7.543299865722656250e+01 7.690299987792968750e+01
-7.541500091552734375e+01 7.691699981689453125e+01
-7.540699768066406250e+01 4.261700057983398438e+01
-7.539800262451171875e+01 7.691899871826171875e+01
-7.537999725341796875e+01 7.692299652099609375e+01
-7.536100006103515625e+01 7.692500305175781250e+01
-7.534200286865234375e+01 7.692500305175781250e+01
-7.532299804687500000e+01 7.692500305175781250e+01
-7.530599975585937500e+01 7.692900085449218750e+01
-7.530300140380859375e+01 4.194499969482421875e+01
-7.528700256347656250e+01 1.842099952697753906e+01
-7.528700256347656250e+01 7.693199920654296875e+01
-7.527216339111328125e+01 5.372260212898254395e-01
-7.526999664306640625e+01 4.268299865722656250e+01
-7.526899719238281250e+01 7.693800354003906250e+01
-7.526511383056640625e+01 6.248196125030517578e+00
-7.525646972656250000e+01 6.956798076629638672e+00
-7.525083160400390625e+01 6.501667022705078125e+00
-7.525033569335937500e+01 -6.000000000000000000e+00
-7.525000000000000000e+01 7.693900299072265625e+01
-7.524744415283203125e+01 4.833094120025634766e+00
-7.523625183105468750e+01 3.424010992050170898e+00
-7.523300170898437500e+01 7.694599914550781250e+01
-7.523141479492187500e+01 2.713953018188476562e+00
-7.522775268554687500e+01 7.655268192291259766e+00
-7.522738647460937500e+01 4.131403923034667969e+00
-7.521499633789062500e+01 7.695500183105468750e+01
-7.520372009277343750e+01 2.012167930603027344e+00
-7.519699859619140625e+01 7.695600128173828125e+01
-7.518196868896484375e+01 8.337033271789550781e+00
-7.517800140380859375e+01 7.695600128173828125e+01
-7.516733551025390625e+01 -9.950000047683715820e-01
-7.516733551025390625e+01 5.003333091735839844e+00
-7.516699981689453125e+01 5.000999927520751953e+00
-7.516699981689453125e+01 6.498499870300292969e+00
-7.516300201416015625e+01 7.000999927520751953e+00
-7.516000366210937500e+01 7.695300292968750000e+01
-7.514683532714843750e+01 1.340370059013366699e+00
-7.514299774169921875e+01 7.695600128173828125e+01
-7.514211273193359375e+01 9.026305198669433594e+00
-7.513200378417968750e+01 4.276699829101562500e+01
-7.512400054931640625e+01 7.695800018310546875e+01
-7.511691284179687500e+01 9.723999023437500000e+00
-7.510800170898437500e+01 9.961999893188476562e+00
-7.510600280761718750e+01 7.696099853515625000e+01
-7.508799743652343750e+01 7.696099853515625000e+01
-7.508399963378906250e+01 6.500000000000000000e+00
-7.508366394042968750e+01 2.500999927520751953e+00
-7.507299804687500000e+01 2.138999938964843750e+00
-7.506999969482421875e+01 7.696099853515625000e+01
-7.506027984619140625e+01 7.220519781112670898e-01
-7.505599975585937500e+01 7.040169835090637207e-01
-7.505400085449218750e+01 -5.539000034332275391e+00
-7.505200195312500000e+01 7.696099853515625000e+01
-7.503800201416015625e+01 -2.380000114440917969e+00
-7.503399658203125000e+01 7.696499633789062500e+01
-7.502799987792968750e+01 1.633200073242187500e+01
-7.502700042724609375e+01 -8.458000183105468750e+00
-7.501599884033203125e+01 7.696900177001953125e+01
-7.501000213623046875e+01 7.999999821186065674e-02
-7.500599670410156250e+01 8.186700195074081421e-02
-7.500478363037109375e+01 7.953300327062606812e-02
-7.500399780273437500e+01 5.700000002980232239e-02
-7.500267028808593750e+01 2.266700007021427155e-02
-7.500250244140625000e+01 7.333000190556049347e-03
-7.500233459472656250e+01 7.000000216066837311e-03
-7.500170135498046875e+01 6.780000030994415283e-02
-7.500066375732421875e+01 -6.498332977294921875e+00
-7.500066375732421875e+01 8.005332946777343750e+00
-7.500000000000000000e+01 -1.000300025939941406e+01
-7.500000000000000000e+01 -4.496333122253417969e+00
-7.499700164794921875e+01 3.616699948906898499e-02
-7.499700164794921875e+01 7.696700286865234375e+01
-7.499500274658203125e+01 4.283300018310546875e+01
-7.498000335693359375e+01 7.696900177001953125e+01
-7.497000122070312500e+01 1.288500022888183594e+01
-7.496845245361328125e+01 3.918167114257812500e+00
-7.496199798583984375e+01 7.697299957275390625e+01
-7.494916534423828125e+01 -1.494500041007995605e+00
-7.494300079345703125e+01 7.697399902343750000e+01
-7.492500305175781250e+01 7.697399902343750000e+01
-7.490699768066406250e+01 7.697799682617187500e+01
-7.488800048828125000e+01 7.697899627685546875e+01
-7.487000274658203125e+01 7.697899627685546875e+01
-7.486199951171875000e+01 1.474199962615966797e+01
-7.485700225830078125e+01 4.234899902343750000e+01
-7.485700225830078125e+01 4.284999847412109375e+01
-7.485500335693359375e+01 -2.549999952316284180e+00
-7.485466766357421875e+01 -8.496999740600585938e+00
-7.485199737548828125e+01 7.697899627685546875e+01
-7.483399963378906250e+01 7.698100280761718750e+01
-7.481800079345703125e+01 -1.230200004577636719e+01
-7.481600189208984375e+01 7.698300170898437500e+01
-7.479799652099609375e+01 7.698600006103515625e+01
-7.477999877929687500e+01 7.698899841308593750e+01
-7.476200103759765625e+01 7.699099731445312500e+01
-7.475066375732421875e+01 9.998329877853393555e-01
-7.474400329589843750e+01 7.699099731445312500e+01
-7.472499847412109375e+01 7.699600219726562500e+01
-7.471800231933593750e+01 4.284999847412109375e+01
-7.470700073242187500e+01 7.699800109863281250e+01
-7.468900299072265625e+01 7.700199890136718750e+01
-7.467099761962890625e+01 7.700499725341796875e+01
-7.466716766357421875e+01 4.001667022705078125e+00
-7.465299987792968750e+01 7.700700378417968750e+01
-7.463500213623046875e+01 7.701300048828125000e+01
-7.461699676513671875e+01 7.701599884033203125e+01
-7.459899902343750000e+01 7.701899719238281250e+01
-7.458200073242187500e+01 7.702200317382812500e+01
-7.458000183105468750e+01 4.284999847412109375e+01
-7.456400299072265625e+01 7.702700042724609375e+01
-7.454699707031250000e+01 7.702899932861328125e+01
-7.452799987792968750e+01 7.703099822998046875e+01
-7.451200103759765625e+01 7.703299713134765625e+01
-7.449949645996093750e+01 1.961166977882385254e+00
-7.449916839599609375e+01 1.960832953453063965e+00
-7.448899841308593750e+01 7.704399871826171875e+01
-7.447399902343750000e+01 7.704199981689453125e+01
-7.445600128173828125e+01 7.704100036621093750e+01
-7.444899749755859375e+01 -9.180669784545898438e+00
-7.444000244140625000e+01 4.286700057983398438e+01
-7.443800354003906250e+01 7.704199981689453125e+01
-7.442199707031250000e+01 7.703800201416015625e+01
-7.440299987792968750e+01 4.270299911499023438e+01
-7.440200042724609375e+01 7.703700256347656250e+01
-7.439900207519531250e+01 7.217500209808349609e+00
-7.438300323486328125e+01 7.703399658203125000e+01
-7.436499786376953125e+01 7.703099822998046875e+01
-7.434700012207031250e+01 7.702600097656250000e+01
-7.433699798583984375e+01 4.286700057983398438e+01
-7.432900238037109375e+01 7.702400207519531250e+01
-7.431099700927734375e+01 7.702200317382812500e+01
-7.430200195312500000e+01 4.286700057983398438e+01
-7.429299926757812500e+01 7.701799774169921875e+01
-7.427600097656250000e+01 7.701300048828125000e+01
-7.425700378417968750e+01 7.700499725341796875e+01
-7.423899841308593750e+01 7.700299835205078125e+01
-7.422100067138671875e+01 7.700199890136718750e+01
-7.420500183105468750e+01 -9.741666793823242188e+00
-7.420400238037109375e+01 7.700499725341796875e+01
-7.418599700927734375e+01 7.700800323486328125e+01
-7.416799926757812500e+01 7.701100158691406250e+01
-7.416300201416015625e+01 4.286700057983398438e+01
-7.415000152587890625e+01 7.701100158691406250e+01
-7.413099670410156250e+01 7.700299835205078125e+01
-7.411299896240234375e+01 7.700399780273437500e+01
-7.409500122070312500e+01 7.700199890136718750e+01
-7.407700347900390625e+01 7.699800109863281250e+01
-7.405799865722656250e+01 7.699299621582031250e+01
-7.404000091552734375e+01 7.698899841308593750e+01
-7.402500152587890625e+01 4.288299942016601562e+01
-7.402200317382812500e+01 7.698600006103515625e+01
-7.400399780273437500e+01 7.698899841308593750e+01
-7.398699951171875000e+01 7.698999786376953125e+01
-7.396900177001953125e+01 7.698899841308593750e+01
-7.395800018310546875e+01 -1.208800029754638672e+01
-7.395099639892578125e+01 7.698699951171875000e+01
-7.393599700927734375e+01 4.302199935913085938e+01
-7.393299865722656250e+01 7.698799896240234375e+01
-7.391600036621093750e+01 7.698999786376953125e+01
-7.389900207519531250e+01 7.699299621582031250e+01
-7.388800048828125000e+01 4.288299942016601562e+01
-7.388099670410156250e+01 7.698699951171875000e+01
-7.386399841308593750e+01 7.697899627685546875e+01
-7.384500122070312500e+01 7.698100280761718750e+01
-7.382700347900390625e+01 7.698200225830078125e+01
-7.380999755859375000e+01 7.698300170898437500e+01
-7.379399871826171875e+01 7.698200225830078125e+01
-7.377700042724609375e+01 7.697399902343750000e+01
-7.376000213623046875e+01 7.697000122070312500e+01
-7.374800109863281250e+01 4.290000152587890625e+01
-7.374199676513671875e+01 7.697100067138671875e+01
-7.372399902343750000e+01 7.697000122070312500e+01
-7.370700073242187500e+01 7.696399688720703125e+01
-7.369000244140625000e+01 7.698200225830078125e+01
-7.367199707031250000e+01 7.700000000000000000e+01
-7.366300201416015625e+01 7.696700286865234375e+01
-7.364800262451171875e+01 7.696600341796875000e+01
-7.362100219726562500e+01 7.696900177001953125e+01
-7.360399627685546875e+01 7.696900177001953125e+01
-7.358799743652343750e+01 7.696800231933593750e+01
-7.357900238037109375e+01 4.316899871826171875e+01
-7.356999969482421875e+01 7.697000122070312500e+01
-7.355300140380859375e+01 7.697200012207031250e+01
-7.354199981689453125e+01 4.291699981689453125e+01
-7.353600311279296875e+01 7.697699737548828125e+01
-7.351999664306640625e+01 7.698000335693359375e+01
-7.350299835205078125e+01 7.698300170898437500e+01
-7.348600006103515625e+01 7.698400115966796875e+01
-7.347200012207031250e+01 4.291699981689453125e+01
-7.346900177001953125e+01 7.698000335693359375e+01
-7.345200347900390625e+01 7.698300170898437500e+01
-7.343499755859375000e+01 7.698999786376953125e+01
-7.341799926757812500e+01 7.699900054931640625e+01
-7.340200042724609375e+01 7.700499725341796875e+01
-7.338500213623046875e+01 7.700800323486328125e+01
-7.336799621582031250e+01 7.701200103759765625e+01
-7.334999847412109375e+01 7.702700042724609375e+01
-7.333499908447265625e+01 4.293299865722656250e+01
-7.331500244140625000e+01 7.703900146484375000e+01
-7.331500244140625000e+01 7.705500030517578125e+01
-7.329699707031250000e+01 7.706500244140625000e+01
-7.327999877929687500e+01 -1.313199996948242188e+01
-7.327899932861328125e+01 7.707900238037109375e+01
-7.326200103759765625e+01 7.709300231933593750e+01
-7.324400329589843750e+01 7.710399627685546875e+01
-7.322899627685546875e+01 7.712200164794921875e+01
-7.320899963378906250e+01 7.712799835205078125e+01
-7.319799804687500000e+01 4.295000076293945312e+01
-7.319200134277343750e+01 7.713999938964843750e+01
-7.317500305175781250e+01 7.715699768066406250e+01
-7.315599822998046875e+01 7.716500091552734375e+01
-7.314299774169921875e+01 7.717500305175781250e+01
-7.313099670410156250e+01 7.718499755859375000e+01
-7.310500335693359375e+01 -1.316499996185302734e+01
-7.310500335693359375e+01 7.720200347900390625e+01
-7.309700012207031250e+01 4.338800048828125000e+01
-7.309300231933593750e+01 4.295000076293945312e+01
-7.308599853515625000e+01 7.721399688720703125e+01
-7.306800079345703125e+01 7.722899627685546875e+01
-7.305799865722656250e+01 4.298300170898437500e+01
-7.305000305175781250e+01 7.724099731445312500e+01
-7.303299713134765625e+01 7.725399780273437500e+01
-7.301599884033203125e+01 7.726499938964843750e+01
-7.299800109863281250e+01 7.727799987792968750e+01
-7.298100280761718750e+01 7.728900146484375000e+01
-7.296299743652343750e+01 7.730300140380859375e+01
-7.294499969482421875e+01 7.731500244140625000e+01
-7.292800140380859375e+01 7.732499694824218750e+01
-7.292199707031250000e+01 4.301699829101562500e+01
-7.291000366210937500e+01 7.733899688720703125e+01
-7.289299774169921875e+01 7.734799957275390625e+01
-7.287500000000000000e+01 7.736199951171875000e+01
-7.285800170898437500e+01 7.737599945068359375e+01
-7.283999633789062500e+01 7.738700103759765625e+01
-7.282299804687500000e+01 7.739900207519531250e+01
-7.280500030517578125e+01 7.741200256347656250e+01
-7.279299926757812500e+01 4.352000045776367188e+01
-7.278700256347656250e+01 7.742199707031250000e+01
-7.278299713134765625e+01 4.303300094604492188e+01
-7.276999664306640625e+01 7.743699645996093750e+01
-7.275199890136718750e+01 7.744599914550781250e+01
-7.273500061035156250e+01 7.745700073242187500e+01
-7.271600341796875000e+01 7.747000122070312500e+01
-7.270099639892578125e+01 7.748200225830078125e+01
-7.268299865722656250e+01 7.749600219726562500e+01
-7.266400146484375000e+01 7.750599670410156250e+01
-7.264700317382812500e+01 7.751599884033203125e+01
-7.264499664306640625e+01 4.308300018310546875e+01
-7.262899780273437500e+01 7.752700042724609375e+01
-7.261100006103515625e+01 7.754000091552734375e+01
-7.259400177001953125e+01 7.755200195312500000e+01
-7.257599639892578125e+01 7.756300354003906250e+01
-7.255899810791015625e+01 7.757499694824218750e+01
-7.254199981689453125e+01 7.758599853515625000e+01
-7.252400207519531250e+01 7.759700012207031250e+01
-7.250700378417968750e+01 4.309999847412109375e+01
-7.250599670410156250e+01 7.760800170898437500e+01
-7.248899841308593750e+01 7.761799621582031250e+01
-7.247100067138671875e+01 7.763300323486328125e+01
-7.245300292968750000e+01 7.764399719238281250e+01
-7.243499755859375000e+01 7.765499877929687500e+01
-7.241799926757812500e+01 7.766600036621093750e+01
-7.240000152587890625e+01 7.767900085449218750e+01
-7.238300323486328125e+01 7.769100189208984375e+01
-7.237200164794921875e+01 4.311700057983398438e+01
-7.236499786376953125e+01 7.769799804687500000e+01
-7.236399841308593750e+01 4.369100189208984375e+01
-7.234799957275390625e+01 7.771399688720703125e+01
-7.233000183105468750e+01 7.772399902343750000e+01
-7.231400299072265625e+01 7.773600006103515625e+01
-7.229499816894531250e+01 7.774800109863281250e+01
-7.227700042724609375e+01 7.775800323486328125e+01
-7.225900268554687500e+01 7.776999664306640625e+01
-7.224199676513671875e+01 7.778099822998046875e+01
-7.223699951171875000e+01 4.313299942016601562e+01
-7.222399902343750000e+01 7.779399871826171875e+01
-7.220600128173828125e+01 7.780300140380859375e+01
-7.218800354003906250e+01 7.781099700927734375e+01
-7.217199707031250000e+01 7.782700347900390625e+01
-7.215399932861328125e+01 7.783599853515625000e+01
-7.213600158691406250e+01 7.784500122070312500e+01
-7.211900329589843750e+01 7.785800170898437500e+01
-7.210299682617187500e+01 4.315000152587890625e+01
-7.210099792480468750e+01 7.787000274658203125e+01
-7.208399963378906250e+01 7.788099670410156250e+01
-7.206999969482421875e+01 4.315000152587890625e+01
-7.206600189208984375e+01 7.789199829101562500e+01
-7.205899810791015625e+01 4.380599975585937500e+01
-7.204799652099609375e+01 7.790200042724609375e+01
-7.202999877929687500e+01 7.791400146484375000e+01
-7.201300048828125000e+01 7.792700195312500000e+01
-7.199500274658203125e+01 7.793599700927734375e+01
-7.197899627685546875e+01 7.794699859619140625e+01
-7.196800231933593750e+01 4.313299942016601562e+01
-7.196099853515625000e+01 7.795700073242187500e+01
-7.194999694824218750e+01 7.796800231933593750e+01
-7.192700195312500000e+01 7.797799682617187500e+01
-7.190799713134765625e+01 7.798899841308593750e+01
-7.189199829101562500e+01 7.797499847412109375e+01
-7.187999725341796875e+01 7.794400024414062500e+01
-7.186199951171875000e+01 7.793199920654296875e+01
-7.184500122070312500e+01 7.791899871826171875e+01
-7.183200073242187500e+01 4.309999847412109375e+01
-7.182900238037109375e+01 7.790200042724609375e+01
-7.181099700927734375e+01 7.788800048828125000e+01
-7.179399871826171875e+01 7.787100219726562500e+01
-7.177600097656250000e+01 7.785399627685546875e+01
-7.177400207519531250e+01 4.390700149536132812e+01
-7.175900268554687500e+01 7.784200286865234375e+01
-7.174099731445312500e+01 7.783000183105468750e+01
-7.172499847412109375e+01 7.781400299072265625e+01
-7.170700073242187500e+01 7.779900360107421875e+01
-7.169699859619140625e+01 4.308300018310546875e+01
-7.168900299072265625e+01 7.778700256347656250e+01
-7.167199707031250000e+01 7.777200317382812500e+01
-7.165499877929687500e+01 7.775599670410156250e+01
-7.163700103759765625e+01 7.773999786376953125e+01
-7.162000274658203125e+01 7.772699737548828125e+01
-7.160299682617187500e+01 7.770899963378906250e+01
-7.159300231933593750e+01 7.770099639892578125e+01
-7.156800079345703125e+01 7.768399810791015625e+01
-7.156199645996093750e+01 4.304999923706054688e+01
-7.155100250244140625e+01 7.766699981689453125e+01
-7.153399658203125000e+01 7.765200042724609375e+01
-7.152700042724609375e+01 4.304999923706054688e+01
-7.151699829101562500e+01 7.763600158691406250e+01
-7.149900054931640625e+01 7.762100219726562500e+01
-7.148200225830078125e+01 7.761299896240234375e+01
-7.145722198486328125e+01 -9.860721588134765625e+00
-7.145700073242187500e+01 7.759400177001953125e+01
-7.145099639892578125e+01 4.401599884033203125e+01
-7.144699859619140625e+01 7.758000183105468750e+01
-7.143000030517578125e+01 7.756600189208984375e+01
-7.142500305175781250e+01 4.301699829101562500e+01
-7.141300201416015625e+01 7.755100250244140625e+01
-7.140830230712890625e+01 -9.916700363159179688e+00
-7.139600372314453125e+01 7.753700256347656250e+01
-7.137799835205078125e+01 7.752500152587890625e+01
-7.136000061035156250e+01 7.750599670410156250e+01
-7.134300231933593750e+01 7.749400329589843750e+01
-7.132599639892578125e+01 7.748200225830078125e+01
-7.130799865722656250e+01 7.746399688720703125e+01
-7.129100036621093750e+01 7.745099639892578125e+01
-7.128800201416015625e+01 4.300000000000000000e+01
-7.127400207519531250e+01 7.744000244140625000e+01
-7.125700378417968750e+01 7.742199707031250000e+01
-7.123799896240234375e+01 7.740699768066406250e+01
-7.122200012207031250e+01 7.739399719238281250e+01
-7.121436309814453125e+01 -6.793860912322998047e+00
-7.120400238037109375e+01 7.738099670410156250e+01
-7.118699645996093750e+01 7.736499786376953125e+01
-7.116999816894531250e+01 7.734899902343750000e+01
-7.115200042724609375e+01 7.733699798583984375e+01
-7.113600158691406250e+01 7.732299804687500000e+01
-7.111699676513671875e+01 7.730599975585937500e+01
-7.111071014404296875e+01 1.646268010139465332e+00
-7.109799957275390625e+01 7.728900146484375000e+01
-7.107800292968750000e+01 7.727100372314453125e+01
-7.105999755859375000e+01 7.725499725341796875e+01
-7.104299926757812500e+01 7.723999786376953125e+01
-7.102700042724609375e+01 7.722599792480468750e+01
-7.101499938964843750e+01 4.295000076293945312e+01
-7.100800323486328125e+01 7.720999908447265625e+01
-7.098999786376953125e+01 7.719699859619140625e+01
-7.097399902343750000e+01 7.719000244140625000e+01
-7.095600128173828125e+01 7.717500305175781250e+01
-7.093900299072265625e+01 7.732299804687500000e+01
-7.092099761962890625e+01 7.714600372314453125e+01
-7.090399932861328125e+01 7.712899780273437500e+01
-7.088600158691406250e+01 7.711900329589843750e+01
-7.087999725341796875e+01 4.295000076293945312e+01
-7.086900329589843750e+01 7.710500335693359375e+01
-7.085199737548828125e+01 7.708799743652343750e+01
-7.084400177001953125e+01 4.319200134277343750e+01
-7.083399963378906250e+01 7.707299804687500000e+01
-7.081700134277343750e+01 7.706099700927734375e+01
-7.080000305175781250e+01 7.705200195312500000e+01
-7.078199768066406250e+01 7.703399658203125000e+01
-7.077300262451171875e+01 4.311700057983398438e+01
-7.076499938964843750e+01 7.702200317382812500e+01
-7.074800109863281250e+01 7.701000213623046875e+01
-7.073000335693359375e+01 7.699400329589843750e+01
-7.071299743652343750e+01 7.697699737548828125e+01
-7.070999908447265625e+01 4.427799987792968750e+01
-7.070666503906250000e+01 -8.426667213439941406e+00
-7.069599914550781250e+01 7.696099853515625000e+01
-7.067800140380859375e+01 7.694899749755859375e+01
-7.066100311279296875e+01 7.693699645996093750e+01
-7.065860748291015625e+01 -8.252499580383300781e+00
-7.065569305419921875e+01 -8.253631591796875000e+00
-7.064399719238281250e+01 7.692500305175781250e+01
-7.063700103759765625e+01 4.309999847412109375e+01
-7.062699890136718750e+01 7.690799713134765625e+01
-7.060900115966796875e+01 7.689600372314453125e+01
-7.059999847412109375e+01 -8.300000190734863281e+00
-7.059200286865234375e+01 7.688200378417968750e+01
-7.057499694824218750e+01 7.686299896240234375e+01
-7.055699920654296875e+01 7.685399627685546875e+01
-7.053900146484375000e+01 7.684500122070312500e+01
-7.052500152587890625e+01 7.683499908447265625e+01
-7.050399780273437500e+01 7.682700347900390625e+01
-7.050000000000000000e+01 4.306700134277343750e+01
-7.048699951171875000e+01 7.680899810791015625e+01
-7.046900177001953125e+01 7.679799652099609375e+01
-7.044999694824218750e+01 7.679399871826171875e+01
-7.044300079345703125e+01 4.386800003051757812e+01
-7.043399810791015625e+01 7.678099822998046875e+01
-7.041500091552734375e+01 7.676999664306640625e+01
-7.039800262451171875e+01 7.676000213623046875e+01
-7.037999725341796875e+01 7.675099945068359375e+01
-7.036499786376953125e+01 4.309999847412109375e+01
-7.036199951171875000e+01 7.674199676513671875e+01
-7.034500122070312500e+01 7.672899627685546875e+01
-7.032700347900390625e+01 7.672100067138671875e+01
-7.030899810791015625e+01 7.671099853515625000e+01
-7.029100036621093750e+01 7.669899749755859375e+01
-7.027400207519531250e+01 7.668900299072265625e+01
-7.025599670410156250e+01 7.667199707031250000e+01
-7.023699951171875000e+01 7.666100311279296875e+01
-7.021800231933593750e+01 7.665299987792968750e+01
-7.019999694824218750e+01 7.663500213623046875e+01
-7.018299865722656250e+01 7.662799835205078125e+01
-7.016500091552734375e+01 7.662100219726562500e+01
-7.014800262451171875e+01 7.661100006103515625e+01
-7.012999725341796875e+01 7.659500122070312500e+01
-7.011299896240234375e+01 7.658599853515625000e+01
-7.009600067138671875e+01 7.658000183105468750e+01
-7.008699798583984375e+01 4.311700057983398438e+01
-7.007900238037109375e+01 4.324399948120117188e+01
-7.007900238037109375e+01 7.657099914550781250e+01
-7.006099700927734375e+01 7.656400299072265625e+01
-7.004299926757812500e+01 7.655200195312500000e+01
-7.002600097656250000e+01 7.654199981689453125e+01
-7.000900268554687500e+01 7.653500366210937500e+01
-6.999099731445312500e+01 7.652500152587890625e+01
-6.997399902343750000e+01 7.651300048828125000e+01
-6.995600128173828125e+01 7.650299835205078125e+01
-6.994799804687500000e+01 4.304999923706054688e+01
-6.993900299072265625e+01 7.649299621582031250e+01
-6.992099761962890625e+01 7.648999786376953125e+01
-6.980799865722656250e+01 4.293299865722656250e+01
-6.966799926757812500e+01 4.284999847412109375e+01
-6.953199768066406250e+01 4.275000000000000000e+01
-6.939199829101562500e+01 4.265000152587890625e+01
-6.925299835205078125e+01 4.256700134277343750e+01
-6.908699798583984375e+01 4.211700057983398438e+01
-6.908200073242187500e+01 4.103300094604492188e+01
-6.907499694824218750e+01 4.140000152587890625e+01
-6.906800079345703125e+01 4.176699829101562500e+01
-6.905500030517578125e+01 4.071699905395507812e+01
6.300000000000000000e+01 -4.800000000000000000e+01
6.314899826049804688e+01 -4.481700134277343750e+01
6.379999923706054688e+01 -4.500000000000000000e+01
6.463330078125000000e+01 -4.366659927368164062e+01
6.476660156250000000e+01 -4.411660003662109375e+01
6.509999847412109375e+01 -4.486999893188476562e+01
6.577510070800781250e+01 -4.186719894409179688e+01
6.596710205078125000e+01 -4.148070144653320312e+01
6.599926757812500000e+01 -4.450236892700195312e+01
6.599933624267578125e+01 -4.450233459472656250e+01
6.599933624267578125e+01 -4.450202941894531250e+01
6.599939727783203125e+01 -4.450247955322265625e+01
6.599939727783203125e+01 -4.450214004516601562e+01
6.599970245361328125e+01 -4.278310012817382812e+01
6.600000000000000000e+01 -4.450099945068359375e+01
6.618119812011718750e+01 -3.904349899291992188e+01
6.635294342041015625e+01 -3.913479995727539062e+01
6.635479736328125000e+01 -3.917879867553710938e+01
6.635797882080078125e+01 -3.923910140991210938e+01
6.636035919189453125e+01 -3.928739929199218750e+01
6.636219787597656250e+01 -3.931190109252929688e+01
6.647260284423828125e+01 -4.628298187255859375e+01
6.647758483886718750e+01 -4.628471755981445312e+01
6.647767639160156250e+01 -4.249634933471679688e+01
6.647769165039062500e+01 -4.249644470214843750e+01
6.647769165039062500e+01 -4.249618911743164062e+01
6.647770690917968750e+01 -4.628606033325195312e+01
6.647783660888671875e+01 -4.249657058715820312e+01
6.647785949707031250e+01 -4.249638748168945312e+01
6.650000000000000000e+01 -4.250000000000000000e+01
6.658329772949218750e+01 -4.550000000000000000e+01
6.663204956054687500e+01 -4.689496994018554688e+01
6.694999694824218750e+01 -4.448329925537109375e+01
6.697795104980468750e+01 -4.662850189208984375e+01
6.698218536376953125e+01 -4.611944961547851562e+01
6.698321533203125000e+01 -4.504489898681640625e+01
6.698458099365234375e+01 -4.575465011596679688e+01
6.698528289794921875e+01 -4.439360046386718750e+01
6.698543548583984375e+01 -4.439464950561523438e+01
6.699411010742187500e+01 -4.438538742065429688e+01
6.699825286865234375e+01 -4.702083206176757812e+01
6.699836730957031250e+01 -4.702213287353515625e+01
6.700025177001953125e+01 -4.702263259887695312e+01
6.700025177001953125e+01 -4.702138137817382812e+01
6.700025177001953125e+01 -4.702130126953125000e+01
6.700038146972656250e+01 -4.702614974975585938e+01
6.700041961669921875e+01 -4.702471542358398438e+01
6.704540252685546875e+01 -4.903530120849609375e+01
6.704599761962890625e+01 -4.903390121459960938e+01
6.704650115966796875e+01 -4.903250122070312500e+01
6.704689788818359375e+01 -4.903089904785156250e+01
6.704730224609375000e+01 -4.902930068969726562e+01
6.704769897460937500e+01 -4.902769851684570312e+01
6.704810333251953125e+01 -4.902619934082031250e+01
6.704850006103515625e+01 -4.902460098266601562e+01
6.704889678955078125e+01 -4.902310180664062500e+01
6.704940032958984375e+01 -4.902159881591796875e+01
6.719999694824218750e+01 -4.379999923706054688e+01
6.750000000000000000e+01 -4.500000000000000000e+01
6.800000000000000000e+01 -4.100000000000000000e+01
6.850000000000000000e+01 -3.950000000000000000e+01
6.900000000000000000e+01 -4.500000000000000000e+01
6.900000000000000000e+01 -3.800000000000000000e+01
6.919999694824218750e+01 -4.300000000000000000e+01
6.940000152587890625e+01 -4.100000000000000000e+01
6.950000000000000000e+01 -3.450000000000000000e+01
6.957369232177734375e+01 -4.929555511474609375e+01
6.959999847412109375e+01 -3.900000000000000000e+01
6.964372253417968750e+01 -4.881594085693359375e+01
6.966018676757812500e+01 -4.868944931030273438e+01
6.967393493652343750e+01 -4.859111785888671875e+01
6.968743133544921875e+01 -4.849966812133789062e+01
6.969999694824218750e+01 -4.826666641235351562e+01
6.970616912841796875e+01 -4.834496688842773438e+01
6.971977996826171875e+01 -4.826739883422851562e+01
6.972505187988281250e+01 -4.819020080566406250e+01
6.973166656494140625e+01 -4.804999923706054688e+01
6.973801422119140625e+01 -4.806096649169921875e+01
6.973908233642578125e+01 -4.824029922485351562e+01
6.975693511962890625e+01 -4.788028335571289062e+01
6.978359985351562500e+01 -4.767018127441406250e+01
6.979322052001953125e+01 -4.760780715942382812e+01
6.980094146728515625e+01 -4.756789016723632812e+01
6.980166625976562500e+01 -4.766667175292968750e+01
6.980586242675781250e+01 -4.754241561889648438e+01
6.981998443603515625e+01 -4.745050048828125000e+01
6.984801483154296875e+01 -4.727358245849609375e+01
6.987000274658203125e+01 -4.729999923706054688e+01
6.987615203857421875e+01 -4.703112030029296875e+01
6.987650299072265625e+01 -4.702891921997070312e+01
6.987650299072265625e+01 -4.701020050048828125e+01
6.987651062011718750e+01 -4.702875900268554688e+01
6.987663269042968750e+01 -4.702880096435546875e+01
6.991667175292968750e+01 -4.693333053588867188e+01
6.997666931152343750e+01 -4.650000000000000000e+01
7.004000091552734375e+01 -4.613333129882812500e+01
7.010500335693359375e+01 -4.573332977294921875e+01
7.017500305175781250e+01 -4.536666870117187500e+01
7.025000000000000000e+01 -4.496667098999023438e+01
7.030000305175781250e+01 -4.454999923706054688e+01
7.046166992187500000e+01 -4.358332824707031250e+01
7.062999725341796875e+01 -4.261666870117187500e+01
7.077500152587890625e+01 -4.163333129882812500e+01
7.090666961669921875e+01 -4.063333129882812500e+01
7.090899658203125000e+01 -4.063999938964843750e+01
7.100000000000000000e+01 -3.966667175292968750e+01
7.105000305175781250e+01 -4.722999954223632812e+01
7.108332824707031250e+01 -3.896667098999023438e+01
7.111666870117187500e+01 -3.731666564941406250e+01
7.134999847412109375e+01 -3.348333358764648438e+01
7.142500305175781250e+01 -3.933332824707031250e+01
7.150000000000000000e+01 -4.500000000000000000e+01
7.160220336914062500e+01 -3.814139938354492188e+01
7.176999664306640625e+01 -3.959999847412109375e+01
7.192060089111328125e+01 -3.595920181274414062e+01
7.192600250244140625e+01 -4.748699951171875000e+01
7.192669677734375000e+01 -3.983530044555664062e+01
7.211666870117187500e+01 -3.993333053588867188e+01
7.219999694824218750e+01 -4.940000152587890625e+01
7.221189880371093750e+01 -3.566749954223632812e+01
7.223332977294921875e+01 -3.233333206176757812e+01
7.225000000000000000e+01 -4.500000000000000000e+01
7.229389953613281250e+01 -3.792139816284179688e+01
7.234860229492187500e+01 -4.021390151977539062e+01
7.246666717529296875e+01 -4.033332824707031250e+01
7.254993438720703125e+01 -3.830906677246093750e+01
7.255000305175781250e+01 -3.809999847412109375e+01
7.257717895507812500e+01 -3.845121002197265625e+01
7.257730102539062500e+01 -3.843375015258789062e+01
7.257736968994140625e+01 -3.846955871582031250e+01
7.257739257812500000e+01 -3.846923065185546875e+01
7.257742309570312500e+01 -3.846955108642578125e+01
7.257743835449218750e+01 -3.846921920776367188e+01
7.257758331298828125e+01 -3.846907043457031250e+01
7.257955169677734375e+01 -3.850546646118164062e+01
7.257958221435546875e+01 -3.845918655395507812e+01
7.257978057861328125e+01 -3.845862960815429688e+01
7.258799743652343750e+01 -3.845700073242187500e+01
7.259438323974609375e+01 -3.862501907348632812e+01
7.259610748291015625e+01 -3.842193984985351562e+01
7.259622192382812500e+01 -3.842197036743164062e+01
7.260962677001953125e+01 -3.854980087280273438e+01
7.263513183593750000e+01 -3.851491928100585938e+01
7.264080047607421875e+01 -3.594440078735351562e+01
7.281500244140625000e+01 -4.075000000000000000e+01
7.288639831542968750e+01 -3.915670013427734375e+01
7.300000000000000000e+01 -4.500000000000000000e+01
7.316667175292968750e+01 -4.109999847412109375e+01
7.351667022705078125e+01 -4.141667175292968750e+01
7.359999847412109375e+01 -4.720000076293945312e+01
7.364710235595703125e+01 -3.867720031738281250e+01
7.394020080566406250e+01 -3.762990188598632812e+01
7.422167205810546875e+01 -4.216667175292968750e+01
7.450796508789062500e+01 -4.133903121948242188e+01
7.458999633789062500e+01 -4.254999923706054688e+01
7.487332916259765625e+01 -4.179999923706054688e+01
7.494167327880859375e+01 -4.296667098999023438e+01
7.500000000000000000e+01 -5.100000000000000000e+01
7.500000000000000000e+01 -3.000000000000000000e+01
7.512930297851562500e+01 -4.054183197021484375e+01
7.525039672851562500e+01 -3.762480163574218750e+01
7.529666900634765625e+01 -4.341667175292968750e+01
7.540803527832031250e+01 -4.106861877441406250e+01
7.562510681152343750e+01 -3.597906112670898438e+01
7.562513732910156250e+01 -3.597938919067382812e+01
7.562518310546875000e+01 -3.597872924804687500e+01
7.562523651123046875e+01 -3.597919845581054688e+01
7.562555694580078125e+01 -3.597803115844726562e+01
7.562934112548828125e+01 -3.598561096191406250e+01
7.562999725341796875e+01 -3.597999954223632812e+01
7.563667297363281250e+01 -4.395000076293945312e+01
7.570613861083984375e+01 -3.654373931884765625e+01
7.585845184326171875e+01 -3.769747161865234375e+01
7.593538665771484375e+01 -3.846937179565429688e+01
7.594940948486328125e+01 -4.216061019897460938e+01
7.598500061035156250e+01 -4.458332824707031250e+01
7.600000000000000000e+01 -5.300000000000000000e+01
7.600389862060546875e+01 -4.349200057983398438e+01
7.601558685302734375e+01 -3.931872940063476562e+01
7.610455322265625000e+01 -4.029928970336914062e+01
7.617769622802734375e+01 -4.116025924682617188e+01
7.624889373779296875e+01 -4.205163955688476562e+01
7.624977111816406250e+01 -4.211066818237304688e+01
7.631667327880859375e+01 -4.509999847412109375e+01
7.632534790039062500e+01 -4.306116104125976562e+01
7.636666870117187500e+01 -6.799166870117187500e+01
7.638333129882812500e+01 -6.800000000000000000e+01
7.639167022705078125e+01 -6.726999664306640625e+01
7.640033721923828125e+01 -4.409225082397460938e+01
7.640167236328125000e+01 -6.763166809082031250e+01
7.640167236328125000e+01 -6.730832672119140625e+01
7.640499877929687500e+01 -6.798332977294921875e+01
7.641133117675781250e+01 -6.781500244140625000e+01
7.641333007812500000e+01 -6.828333282470703125e+01
7.644000244140625000e+01 -6.665499877929687500e+01
7.644332885742187500e+01 -6.700833129882812500e+01
7.645999908447265625e+01 -6.684832763671875000e+01
7.646499633789062500e+01 -6.652166748046875000e+01
7.648332977294921875e+01 -6.691667175292968750e+01
7.649988555908203125e+01 -4.373221588134765625e+01
7.651667022705078125e+01 -6.638333129882812500e+01
7.651833343505859375e+01 -6.638667297363281250e+01
7.652426147460937500e+01 -4.478786087036132812e+01
7.654444122314453125e+01 -6.620417022705078125e+01
7.655832672119140625e+01 -6.612999725341796875e+01
7.657666778564453125e+01 -6.583332824707031250e+01
7.660832977294921875e+01 -6.558833312988281250e+01
7.661699676513671875e+01 -3.640330123901367188e+01
7.663667297363281250e+01 -4.570000076293945312e+01
7.667500305175781250e+01 -6.545166778564453125e+01
7.668055725097656250e+01 -6.547083282470703125e+01
7.671337127685546875e+01 -4.527375030517578125e+01
7.671888732910156250e+01 -6.541667175292968750e+01
7.672167205810546875e+01 -6.538999938964843750e+01
7.673000335693359375e+01 -6.541667175292968750e+01
7.680000305175781250e+01 -6.488333129882812500e+01
7.680332946777343750e+01 -6.488999938964843750e+01
7.680332946777343750e+01 -6.438899993896484375e+01
7.680338287353515625e+01 -6.488974761962890625e+01
7.680638885498046875e+01 -6.496666717529296875e+01
7.684787750244140625e+01 -4.614226913452148438e+01
7.688333129882812500e+01 -6.440000152587890625e+01
7.688999938964843750e+01 -6.439666748046875000e+01
7.689666748046875000e+01 -6.438889312744140625e+01
7.691999816894531250e+01 -6.200000000000000000e+01
7.693486785888671875e+01 -6.315019989013671875e+01
7.696333312988281250e+01 -6.390000152587890625e+01
7.696499633789062500e+01 -4.698332977294921875e+01
7.696666717529296875e+01 -6.390000152587890625e+01
7.698027801513671875e+01 -6.387221908569335938e+01
7.698194885253906250e+01 -4.713806152343750000e+01
7.699317169189453125e+01 -5.600799942016601562e+01
7.700000000000000000e+01 -5.606666946411132812e+01
7.702166748046875000e+01 -6.236666870117187500e+01
7.702500152587890625e+01 -5.655667114257812500e+01
7.702777862548828125e+01 -5.665000152587890625e+01
7.703333282470703125e+01 -5.654999923706054688e+01
7.703333282470703125e+01 -5.451667022705078125e+01
7.704833221435546875e+01 -6.338832855224609375e+01
7.705000305175781250e+01 -6.338333129882812500e+01
7.705000305175781250e+01 -5.291667175292968750e+01
7.705000305175781250e+01 -5.133332824707031250e+01
7.705832672119140625e+01 -5.719667053222656250e+01
7.706667327880859375e+01 -6.459999847412109375e+01
7.706667327880859375e+01 -6.337166976928710938e+01
7.706667327880859375e+01 -5.720000076293945312e+01
7.706667327880859375e+01 -5.475000000000000000e+01
7.706667327880859375e+01 -4.959999847412109375e+01
7.706667327880859375e+01 -4.801667022705078125e+01
7.706832885742187500e+01 -5.724861145019531250e+01
7.709333038330078125e+01 -5.781832885742187500e+01
7.709999847412109375e+01 -5.781666946411132812e+01
7.710722351074218750e+01 -5.627582931518554688e+01
7.711110687255859375e+01 -5.784999847412109375e+01
7.712010192871093750e+01 -4.817087173461914062e+01
7.712832641601562500e+01 -5.844499969482421875e+01
7.713333129882812500e+01 -5.843333053588867188e+01
7.713366699218750000e+01 -6.104361724853515625e+01
7.713417816162109375e+01 -6.104342651367187500e+01
7.714250183105468750e+01 -5.844583129882812500e+01
7.714333343505859375e+01 -6.289332962036132812e+01
7.714721679687500000e+01 -5.909722137451171875e+01
7.715000152587890625e+01 -6.290000152587890625e+01
7.715000152587890625e+01 -5.909999847412109375e+01
7.715167236328125000e+01 -5.909167098999023438e+01
7.715193939208984375e+01 -6.286389160156250000e+01
7.716667175292968750e+01 -5.791667175292968750e+01
7.717194366455078125e+01 -5.974166870117187500e+01
7.717666625976562500e+01 -5.974166870117187500e+01
7.718332672119140625e+01 -6.071667098999023438e+01
7.718332672119140625e+01 -6.040000152587890625e+01
7.718332672119140625e+01 -6.039332962036132812e+01
7.718332672119140625e+01 -5.973332977294921875e+01
7.718888854980468750e+01 -5.575056076049804688e+01
7.719667053222656250e+01 -6.038888931274414062e+01
7.719999694824218750e+01 -5.920000076293945312e+01
7.721666717529296875e+01 -6.102167129516601562e+01
7.721666717529296875e+01 -6.101667022705078125e+01
7.721943664550781250e+01 -6.103805923461914062e+01
7.722083282470703125e+01 -6.154167175292968750e+01
7.722556304931640625e+01 -5.277777862548828125e+01
7.723332977294921875e+01 -6.166667175292968750e+01
7.723500061035156250e+01 -6.167166900634765625e+01
7.723610687255859375e+01 -6.232889175415039062e+01
7.723832702636718750e+01 -6.232833099365234375e+01
7.725000000000000000e+01 -6.050000000000000000e+01
7.725330352783203125e+01 -4.921670150756835938e+01
7.725428771972656250e+01 -4.923077011108398438e+01
7.725694274902343750e+01 -5.251166915893554688e+01
7.727999877929687500e+01 -5.122277832031250000e+01
7.730000305175781250e+01 -4.993999862670898438e+01
7.730832672119140625e+01 -6.241667175292968750e+01
7.735958099365234375e+01 -4.714658355712890625e+01
7.736689758300781250e+01 -5.011000061035156250e+01
7.741456604003906250e+01 -4.902143478393554688e+01
7.744432830810546875e+01 -5.106914138793945312e+01
7.798139953613281250e+01 -3.770420074462890625e+01
8.000000000000000000e+01 -4.113740158081054688e+01
